
======================================================================
  Table 1: Piccard Timing — Parameter Sensitivity
======================================================================
            Label    k    m      N  MinHash  Encode  Encrypt  Multiply  RotSum  Decrypt  Total (ms)   CT Size
-------------------------------------------------------------------------------------------------------------
        vary_k_64   64   32   8192    0.025   0.002      5.5       3.0    10.3    0.330        19.2  256.8 KB
       vary_k_128  128   32   8192    0.050   0.002      5.6       3.0    10.3    0.342        19.3  256.8 KB
       vary_k_256  256   32   8192    0.096   0.003      5.5       3.0    10.0    0.335        19.0  256.8 KB
       vary_k_512  512   32  16384    0.198   0.006     10.8       4.8    18.7    0.596        35.1  512.8 KB
        vary_m_16  128   16   8192    0.051   0.002      5.5       2.9     9.9    0.328        18.6  256.8 KB
        vary_m_32  128   32   8192    0.048   0.002      5.5       2.9    10.0    0.333        18.8  256.8 KB
        vary_m_64  128   64   8192    0.048   0.002      5.5       2.9    10.0    0.339        18.8  256.8 KB
       vary_m_128  128  128  16384    0.048   0.006     10.5       4.8    18.4    0.577        34.3  512.8 KB
    vary_size_100  128   32   8192    0.048   0.002      5.5       2.9    10.0    0.344        18.7  256.8 KB
   vary_size_1000  128   32   8192    0.480   0.005      5.4       2.9    10.0    0.343        19.1  256.8 KB
  vary_size_10000  128   32   8192      4.8   0.002      5.5       3.0    10.0    0.335        23.5  256.8 KB
