
======================================================================
  Table 7: Threshold Protocol Timing
======================================================================
         Label   k  tau  Depth      N  Encrypt   Mul  RotSum   Mask  PolyEval  Decrypt  Total (ms)  CT Size  Note
-----------------------------------------------------------------------------------------------------------------
     vary_k_16  16    8      7  16384     15.0   8.6    42.1  0.701      62.5    0.761       129.5   1.3 MB      
     vary_k_32  32   16      9  32768     35.9  20.2   116.6    1.5     225.3      1.5       401.1   3.5 MB      
     vary_k_64  64   32     12  32768     38.9  23.7   135.0    1.6     397.7      1.6       601.6   4.0 MB      
    vary_tau_1  64    1     12  32768     38.8  23.7   135.0    1.6     400.6      1.7       602.1   4.0 MB      
   vary_tau_16  64   16     12  32768     39.0  29.0   169.7    1.6     425.6      1.7       666.1   4.0 MB      
   vary_tau_32  64   32     12  32768     38.9  29.1   174.2    1.6     424.2      1.6       669.8   4.0 MB      
   vary_tau_48  64   48     12  32768     41.7  31.3   197.3    1.9     487.8      1.9       762.2   4.0 MB      
   vary_tau_64  64   64     12  32768     41.6  31.4   197.8    1.9     487.8      1.9       762.0   4.0 MB      
  vs_basic_k16  16    8      7  16384     14.9   9.2    43.5  0.689      67.7    0.775       136.9   1.3 MB      
  vs_basic_k32  32   16      9  32768     36.1  25.5   159.1    1.5     256.2      1.6       479.4   3.5 MB      
  vs_basic_k64  64   32     12  32768     41.7  31.5   197.5    1.9     490.6      1.9       762.9   4.0 MB      
