
======================================================================
  Table 1: Piccard Timing — Parameter Sensitivity
======================================================================
              Label     k    m      N  MinHash  Encode  Encrypt  Multiply  RotSum  Decrypt  Total (ms)   CT Size
----------------------------------------------------------------------------------------------------------------
          vary_k_64    64   32   8192    0.024   0.002      5.5       2.9    10.1    0.338        18.9  256.8 KB
         vary_k_128   128   32   8192    0.049   0.002      5.5       3.0    10.2    0.331        19.2  256.8 KB
         vary_k_256   256   32   8192    0.099   0.003      5.6       3.1    10.3    0.332        19.3  256.8 KB
         vary_k_512   512   32  16384    0.191   0.006     10.6       4.9    18.7    0.607        35.2  512.8 KB
        vary_k_1024  1024   32  32768    0.388   0.010     21.0       8.7    37.0      1.1        68.0    1.0 MB
          vary_m_16   128   16   8192    0.049   0.003      5.6       3.1    10.3    0.352        19.5  256.8 KB
          vary_m_32   128   32   8192    0.050   0.002      5.5       3.1    10.4    0.341        19.5  256.8 KB
          vary_m_64   128   64   8192    0.050   0.002      5.6       3.0    10.1    0.345        19.1  256.8 KB
         vary_m_128   128  128  16384    0.049   0.004     10.5       4.9    18.6    0.579        34.7  512.8 KB
         vary_m_256   128  256  32768    0.049   0.007     20.8       8.7    36.2      1.1        67.1    1.0 MB
     vary_size_1000   128   32   8192    0.480   0.002      5.5       2.9    10.0    0.343        19.2  256.8 KB
    vary_size_10000   128   32   8192      4.9   0.003      5.5       2.9    10.1    0.344        23.9  256.8 KB
    vary_size_50000   128   32   8192     24.1   0.005      5.6       2.9    10.0    0.340        43.0  256.8 KB
   vary_size_100000   128   32   8192     48.8   0.006      5.6       2.9    10.1    0.340        67.7  256.8 KB
   vary_size_500000   128   32   8192    244.5   0.007      5.7       3.1    10.3    0.341       264.4  256.8 KB
  vary_size_1000000   128   32   8192    490.8   0.009      5.9       3.2    10.3    0.342       510.9  256.8 KB
