
======================================================================
  Table 7: Threshold Protocol Timing
======================================================================
          Label    k  tau  Depth      N  Encrypt   Mul  RotSum   Mask  PolyEval  Decrypt  Total (ms)  CT Size  Note
-------------------------------------------------------------------------------------------------------------------
      vary_k_16   16    8      7  16384     14.9   8.6    41.9  0.684      62.5    0.750       129.1   1.3 MB      
      vary_k_32   32   16      9  16384     16.6  10.0    52.7  0.764     111.5    0.810       192.3   1.5 MB      
      vary_k_64   64   32     12  32768     40.9  25.1   143.1    1.6     419.8      1.8       627.7   4.0 MB      
     vary_k_128  128   64     15  32768     48.5  38.3   252.7    2.0     903.4      2.1      1247.0   5.0 MB      
     vary_tau_1   64    1     12  32768     38.7  23.5   135.2    1.5     399.2      1.6       600.7   4.0 MB      
    vary_tau_16   64   16     12  32768     39.0  23.8   138.5    1.6     408.2      1.7       612.6   4.0 MB      
    vary_tau_32   64   32     12  32768     38.9  28.9   182.0    1.6     439.9      1.6       694.0   4.0 MB      
    vary_tau_48   64   48     12  32768     40.9  31.0   193.1    1.9     480.4      1.9       748.7   4.0 MB      
    vary_tau_64   64   64     12  32768     40.9  31.1   192.6    1.8     479.0      1.9       748.0   4.0 MB      
   vs_basic_k16   16    8      7  16384     14.9   9.1    43.8  0.698      66.4    0.801       135.8   1.3 MB      
   vs_basic_k32   32   16      9  16384     16.5  11.9    66.9  0.777     117.9    0.874       214.7   1.5 MB      
   vs_basic_k64   64   32     12  32768     38.7  23.7   136.2    1.6     397.5      1.6       599.1   4.0 MB      
  vs_basic_k128  128   64     15  32768     48.7  37.8   249.7    2.0     886.3      2.1      1226.3   5.0 MB      
