
======================================================================
  Table 1: Piccard Timing — Parameter Sensitivity
======================================================================
              Label     k    m      N  MinHash  Encode  Encrypt  Multiply  RotSum  Decrypt  Total (ms)   CT Size
----------------------------------------------------------------------------------------------------------------
          vary_k_64    64   32   8192    0.025   0.002      5.6       3.1    10.4    0.344        19.5  256.8 KB
         vary_k_128   128   32   8192    0.048   0.002      5.4       3.0    10.0    0.333        18.7  256.8 KB
         vary_k_256   256   32   8192    0.095   0.004      5.5       3.0    10.0    0.331        18.9  256.8 KB
         vary_k_512   512   32  16384    0.191   0.006     10.6       4.8    18.5    0.583        34.7  512.8 KB
        vary_k_1024  1024   32  32768    0.380   0.011     20.8       8.6    36.2      1.1        67.0    1.0 MB
          vary_m_16   128   16   8192    0.048   0.002      5.4       2.9    10.0    0.330        18.8  256.8 KB
          vary_m_32   128   32   8192    0.050   0.002      5.6       3.1    10.5    0.357        19.6  256.8 KB
          vary_m_64   128   64   8192    0.049   0.002      5.5       3.1    10.4    0.346        19.5  256.8 KB
         vary_m_128   128  128  16384    0.048   0.003     10.7       5.0    19.0    0.575        35.3  512.8 KB
         vary_m_256   128  256  32768    0.050   0.006     21.3       8.9    37.6      1.1        68.8    1.0 MB
     vary_size_1000   128   32   8192    0.494   0.002      5.6       3.1    10.6    0.350        20.2  256.8 KB
    vary_size_10000   128   32   8192      5.0   0.004      5.6       3.1    10.5    0.347        24.5  256.8 KB
    vary_size_50000   128   32   8192     25.0   0.004      5.7       3.1    10.6    0.352        44.6  256.8 KB
   vary_size_100000   128   32   8192     49.9   0.005      5.7       3.1    10.6    0.351        69.7  256.8 KB
   vary_size_500000   128   32   8192    243.8   0.007      6.0       3.2    10.3    0.342       263.9  256.8 KB
  vary_size_1000000   128   32   8192    499.4   0.007      5.8       3.2    10.7    0.361       519.4  256.8 KB
