
======================================================================
  Table 1: Piccard Timing — Parameter Sensitivity
======================================================================
              Label     k    m      N  MinHash  Encode  Encrypt  Multiply  RotSum  Decrypt  Total (ms)   CT Size
----------------------------------------------------------------------------------------------------------------
          vary_k_64    64   32   8192    0.025   0.002      5.5       2.9    10.1    0.336        18.9  256.8 KB
         vary_k_128   128   32   8192    0.050   0.003      5.5       2.9    10.2    0.339        19.0  256.8 KB
         vary_k_256   256   32   8192    0.096   0.003      5.5       2.9    10.1    0.329        18.9  256.8 KB
         vary_k_512   512   32  16384    0.194   0.005     10.7       4.9    18.7    0.595        35.1  512.8 KB
        vary_k_1024  1024   32  32768    0.382   0.010     20.9       8.5    36.2      1.1        67.0    1.0 MB
          vary_m_16   128   16   8192    0.048   0.002      5.5       2.9    10.1    0.337        18.8  256.8 KB
          vary_m_32   128   32   8192    0.048   0.002      5.5       2.9    10.1    0.339        18.8  256.8 KB
          vary_m_64   128   64   8192    0.048   0.002      5.5       2.9    10.1    0.332        18.9  256.8 KB
         vary_m_128   128  128  16384    0.048   0.004     10.5       4.8    18.5    0.565        34.5  512.8 KB
         vary_m_256   128  256  32768    0.049   0.006     20.8       8.5    36.2      1.1        66.7    1.0 MB
     vary_size_1000   128   32   8192    0.480   0.004      5.5       2.9    10.0    0.341        19.2  256.8 KB
    vary_size_10000   128   32   8192      4.8   0.002      5.5       2.9    10.0    0.343        23.6  256.8 KB
    vary_size_50000   128   32   8192     24.1   0.003      5.6       2.9    10.1    0.336        43.0  256.8 KB
   vary_size_100000   128   32   8192     50.2   0.004      5.6       2.9    10.1    0.338        69.1  256.8 KB
   vary_size_500000   128   32   8192    241.6   0.009      6.1       3.5    10.5    0.346       262.2  256.8 KB
  vary_size_1000000   128   32   8192    485.0   0.012      6.2       3.6    10.6    0.351       506.1  256.8 KB
