
======================================================================
  Table 1: Piccard Timing — Parameter Sensitivity
======================================================================
              Label     k    m      N  MinHash  Encode  Encrypt  Multiply  RotSum  Decrypt  Total (ms)   CT Size
----------------------------------------------------------------------------------------------------------------
          vary_k_64    64   32   8192    0.025   0.002      5.5       2.9    10.0    0.336        18.8  256.8 KB
         vary_k_128   128   32   8192    0.048   0.002      5.5       2.9    10.1    0.329        18.9  256.8 KB
         vary_k_256   256   32   8192    0.101   0.003      5.7       3.1    10.7    0.362        20.1  256.8 KB
         vary_k_512   512   32  16384    0.190   0.005     10.5       4.8    18.4    0.586        34.5  512.8 KB
        vary_k_1024  1024   32  32768    0.380   0.009     20.8       8.5    36.3      1.1        67.2    1.0 MB
          vary_m_16   128   16   8192    0.049   0.003      5.5       3.0    10.4    0.345        19.5  256.8 KB
          vary_m_32   128   32   8192    0.050   0.003      5.5       3.1    10.3    0.352        19.3  256.8 KB
          vary_m_64   128   64   8192    0.049   0.002      5.5       2.9    10.1    0.341        18.9  256.8 KB
         vary_m_128   128  128  16384    0.048   0.004     10.5       4.8    18.3    0.572        34.2  512.8 KB
         vary_m_256   128  256  32768    0.048   0.006     21.0       8.5    36.1      1.1        66.7    1.0 MB
     vary_size_1000   128   32   8192    0.479   0.005      5.5       2.9    10.1    0.340        19.3  256.8 KB
    vary_size_10000   128   32   8192      4.8   0.002      5.5       2.9    10.0    0.339        23.6  256.8 KB
    vary_size_50000   128   32   8192     24.1   0.002      5.5       2.9    10.1    0.329        42.9  256.8 KB
   vary_size_100000   128   32   8192     48.2   0.002      5.6       2.9    10.1    0.331        67.2  256.8 KB
   vary_size_500000   128   32   8192    241.6   0.006      6.0       3.4    10.4    0.348       262.1  256.8 KB
  vary_size_1000000   128   32   8192    483.1   0.007      5.8       3.1    10.3    0.347       503.7  256.8 KB
