
======================================================================
  Table 1: Piccard Timing — Parameter Sensitivity
======================================================================
            Label    k    m      N  MinHash  Encode  Encrypt  Multiply  RotSum  Decrypt  Total (ms)   CT Size
-------------------------------------------------------------------------------------------------------------
        vary_k_64   64   32   8192    0.024   0.002      5.4       2.9    10.0    0.331        18.7  256.8 KB
       vary_k_128  128   32   8192    0.048   0.002      5.5       3.0    10.0    0.338        18.8  256.8 KB
       vary_k_256  256   32   8192    0.096   0.003      5.5       2.9    10.0    0.342        18.9  256.8 KB
       vary_k_512  512   32  16384    0.190   0.005     10.5       4.8    18.5    0.582        34.6  512.8 KB
        vary_m_16  128   16   8192    0.048   0.003      5.5       2.9    10.0    0.333        18.8  256.8 KB
        vary_m_32  128   32   8192    0.048   0.002      5.5       2.9    10.0    0.333        18.7  256.8 KB
        vary_m_64  128   64   8192    0.048   0.002      5.5       2.9    10.0    0.341        18.8  256.8 KB
       vary_m_128  128  128  16384    0.048   0.003     10.5       4.9    18.5    0.589        34.5  512.8 KB
    vary_size_100  128   32   8192    0.048   0.003      5.5       2.9    10.0    0.344        18.8  256.8 KB
   vary_size_1000  128   32   8192    0.480   0.002      5.5       2.9    10.0    0.336        19.2  256.8 KB
  vary_size_10000  128   32   8192      4.8   0.002      5.5       2.9    10.0    0.342        23.6  256.8 KB
